32 200 9 0 0 0 
1 1 0 13.051321848 11.3000734306 5.63 
P 2.4471227918077743 0.941677020774186 3.4342602454439994 30.973761998
P 4.0785380750130615 1.8833401887883532 2.195740925033 30.973761998
P 0.8157077096279785 3.766696499956474 3.4342589843239995 30.973761998
P 2.4471228381399674 4.7083596255953655 2.195739465174 30.973761998
P 5.709953288393778 0.9416770558044135 3.4342606710720003 30.973761998
P 0.8157076356062234 1.8833400831326668 2.195740764578 30.973761998
P 4.078537768306998 3.766696493741433 3.434258975879 30.973761998
P 5.709953093929083 4.7083596945258135 2.1957393289279996 30.973761998
P 2.4471227918077743 6.591713736074187 3.4342602454439994 30.973761998
P 4.0785380750130615 7.533376904088352 2.195740925033 30.973761998
P 0.8157077096279785 9.416733215256475 3.4342589843239995 30.973761998
P 2.4471228381399674 10.358396340895364 2.195739465174 30.973761998
P 5.709953288393778 6.591713771104414 3.4342606710720003 30.973761998
P 0.8157076356062234 7.533376798432666 2.195740764578 30.973761998
P 4.078537768306998 9.416733209041432 3.434258975879 30.973761998
P 5.709953093929083 10.358396409825813 2.1957393289279996 30.973761998
P 8.972783715807775 0.941677020774186 3.4342602454439994 30.973761998
P 10.604198999013063 1.8833401887883532 2.195740925033 30.973761998
P 7.3413686336279795 3.766696499956474 3.4342589843239995 30.973761998
P 8.97278376213997 4.7083596255953655 2.195739465174 30.973761998
P 12.235614212393777 0.9416770558044135 3.4342606710720003 30.973761998
P 7.341368559606225 1.8833400831326668 2.195740764578 30.973761998
P 10.604198692306998 3.766696493741433 3.434258975879 30.973761998
P 12.235614017929084 4.7083596945258135 2.1957393289279996 30.973761998
P 8.972783715807775 6.591713736074187 3.4342602454439994 30.973761998
P 10.604198999013063 7.533376904088352 2.195740925033 30.973761998
P 7.3413686336279795 9.416733215256475 3.4342589843239995 30.973761998
P 8.97278376213997 10.358396340895364 2.195739465174 30.973761998
P 12.235614212393777 6.591713771104414 3.4342606710720003 30.973761998
P 7.341368559606225 7.533376798432666 2.195740764578 30.973761998
P 10.604198692306998 9.416733209041432 3.434258975879 30.973761998
P 12.235614017929084 10.358396409825813 2.1957393289279996 30.973761998