nep 1 P 
cutoff 8 5
n_max 15 10
l_max 4
ANN 40 0
  8.2178283e-01
 -3.9778867e-01
  2.0919618e-01
 -1.2378050e+00
  1.4240885e-01
  5.7588439e-02
 -3.7257296e-01
  4.2646638e-01
  6.9058978e-04
 -2.0791646e-02
  8.5557729e-01
 -2.3407890e-01
  5.7239580e-01
  8.4785724e-01
 -7.1463716e-01
 -1.6126866e+00
  9.9851392e-02
  1.1184717e+00
 -9.3113229e-02
  7.3426342e-01
 -3.7380216e-01
  1.0296839e+00
  9.1799450e-01
 -5.6311989e-01
  5.8709735e-01
 -6.9917214e-01
 -4.5553040e-02
  5.1537681e-02
 -4.4422659e-01
  4.1130948e-01
  3.8234708e-01
  5.9625387e-01
 -3.5727322e-01
 -4.3514353e-01
  2.4010992e-02
  2.4293232e-01
  3.8886428e-01
 -2.2107698e-01
 -7.0868051e-03
  4.5962617e-01
 -1.0600034e+00
 -7.6151729e-02
  5.5723798e-01
  2.4368471e-01
 -1.0458360e-03
  3.5066506e-01
 -5.1325500e-02
  1.0821857e+00
  1.9694869e-01
  9.8686051e-01
  8.1544799e-01
  6.0893048e-02
 -6.4331126e-01
  9.7908862e-02
  7.8032917e-01
  5.7977980e-01
  5.2784634e-01
 -6.3530475e-01
  5.9047900e-02
  1.4148287e-01
 -9.5318395e-01
  1.2484787e-01
 -9.0112835e-01
  1.7537848e+00
  6.8714648e-01
 -6.5564018e-01
 -8.5937783e-02
 -1.4536519e+00
  3.0357173e-01
 -1.0134888e-01
 -6.3043356e-02
  6.3288844e-01
  3.9954427e-01
 -7.6025838e-01
 -1.0246900e+00
  1.5047054e+00
  1.6211896e+00
 -4.2088162e-02
  5.4780746e-01
 -1.0305848e+00
 -8.0790126e-01
  1.3271002e+00
  2.4060719e+00
  1.0649053e+00
  1.5747188e-01
 -1.0301981e+00
 -2.0604420e+00
  1.6178632e+00
  6.2935829e-01
  7.7949286e-01
 -1.7530538e+00
  1.2589277e+00
  4.8797898e-02
 -3.2110380e-03
  4.1664383e-01
  5.8164574e-02
  6.0763377e-01
 -5.3911304e-01
  7.4850786e-01
 -1.0791408e-01
  4.1627449e-01
 -2.9225862e+00
 -1.5271430e-02
  6.0875422e-01
  4.0730709e-01
 -9.8547482e-01
  6.8689311e-01
  4.4429433e-01
  7.9995906e-01
  5.3212214e-01
 -1.1695408e+00
  4.2983639e-01
 -1.7661837e+00
  6.4181238e-01
 -4.1434672e-01
  1.7261150e-01
 -6.7216772e-01
 -4.3310750e-01
 -2.0761018e-01
 -8.3866818e-03
 -1.5796878e+00
  2.2326496e+00
 -6.5214598e-01
  5.8886790e-01
  2.1348472e+00
 -5.9845954e-01
  2.1735728e-01
  5.3204936e-01
  8.6304718e-01
 -2.0160238e-01
 -2.1588083e-01
  1.1653079e+00
 -1.0032191e-01
  4.5203140e-01
  1.3428919e-01
  5.9892577e-03
  4.4566882e-03
 -6.4785635e-01
 -6.0466510e-01
 -1.5866370e+00
 -4.5269243e-03
 -3.0411398e-01
 -1.3383034e+00
 -2.3229416e-03
  8.7985682e-01
  1.7563680e-02
 -2.6657332e-02
 -2.8180155e-01
  1.5181504e-01
 -3.4185317e-01
 -2.0355923e-01
  1.5314286e+00
  3.3052364e-01
 -9.0664387e-01
 -1.8357305e-01
  3.9797404e-01
 -9.9693954e-02
  2.8305274e-01
 -1.2045681e+00
  8.2246959e-01
 -1.6168543e+00
  8.6605334e-01
  3.0892318e-02
 -2.9983270e-01
 -5.8905202e-01
 -8.4637398e-01
 -7.2012931e-02
 -1.4409916e-03
  6.6456652e-01
  4.5545784e-01
  1.0924692e-01
 -4.5308557e-01
  2.0846097e-01
 -1.5031002e-05
  3.2239339e-01
  7.6599978e-02
  1.9135569e-04
 -1.0882479e+00
 -6.4423501e-02
  3.8772429e-05
 -7.1713604e-02
 -2.7925962e-01
 -2.7631671e+00
  1.6313417e-01
 -6.5665984e-01
  7.4244738e-01
  3.1540009e-01
 -4.4782263e-01
 -1.6558683e-01
 -4.4303057e-01
  5.4661971e-01
 -1.0012480e+00
  1.2038870e+00
  1.5134317e+00
  2.4027230e-02
 -9.0751022e-02
 -1.5075521e-04
 -5.9714025e-01
 -1.2302613e-01
 -1.6488527e-01
 -8.5832405e-01
 -2.7786377e-01
  1.0422583e+00
 -6.2282228e-01
  9.9911368e-01
  3.2978237e-01
 -3.3746112e-02
 -1.1406136e+00
  1.6006692e-03
 -1.2939973e-01
 -9.2326641e-02
  1.3197027e-01
  3.9379990e-01
 -7.7565539e-01
 -4.2835385e-01
  2.0721999e-03
 -7.2821683e-01
  7.2290611e-01
 -3.9715612e-01
  1.3861403e+00
  8.3783008e-05
  3.9231029e-01
 -2.3188710e-01
  1.7889886e-01
  1.4657258e+00
  4.8288521e-01
  3.0051398e-01
 -2.7984813e-01
 -3.0090141e-01
 -3.1183210e-01
  5.5448967e-01
  2.0623852e-01
  3.9771387e-01
 -2.8833562e-01
  7.8949422e-05
  3.2945946e-01
 -2.7487289e-02
 -5.3463411e-02
 -1.1614738e-01
 -6.3164330e-01
  2.3828943e+00
  2.4620336e-01
 -1.9758068e+00
 -8.0350164e-04
 -4.6283040e-02
 -3.1295430e-02
  4.2302018e-01
 -2.2083247e-02
  1.6835335e-01
 -6.3521397e-01
  1.8685268e-01
  7.9852581e-02
 -1.0614648e+00
  3.9373189e-03
  1.6063677e-01
 -6.5264888e-03
 -1.3256297e+00
 -1.6669006e+00
  7.1547003e-03
 -4.2322946e-01
  9.7735989e-01
 -9.5932104e-02
  5.2139336e-01
  1.1800736e+00
 -7.2827542e-01
  1.6089838e+00
 -1.5052620e-04
  2.7679783e-01
  3.7130114e-01
  1.0512216e-01
  6.3036335e-01
 -1.0558050e+00
 -1.1662869e+00
  3.1097272e-01
  1.1785010e-04
  3.2129174e-01
  2.4179834e-01
 -2.8525048e-01
  1.3028848e-01
  4.6064695e-05
 -4.2774698e-01
  2.6158759e-01
  2.7311060e-01
  2.6332325e-04
  9.9703455e-01
  9.4538856e-01
  5.9368145e-01
 -3.2314807e-01
  1.4123800e-01
  2.0556279e-02
  7.2841853e-01
  5.8152946e-04
  1.4438578e+00
 -2.7742037e-01
 -7.6153356e-01
  1.2128593e-04
  1.3416061e-04
 -2.7340937e-01
 -1.4858630e+00
  5.3582907e-01
  1.7288961e-03
 -1.8016183e+00
  1.1189945e+00
 -2.8149351e-01
  9.5805091e-01
 -1.4111680e+00
  5.2102619e-01
 -1.5244999e+00
  2.8042098e-07
  6.7146277e-01
 -1.4106106e-02
 -1.4643111e+00
  1.5743327e+00
  7.2298002e-01
  9.0867870e-05
  6.6489065e-01
 -9.6163563e-02
 -4.4574818e-01
 -3.1056678e-01
  8.3225474e-02
 -5.2786988e-01
 -1.6998535e-01
 -4.2254505e-01
  5.3712946e-01
  2.5683215e-01
  5.7097811e-01
  2.4909768e-02
 -4.2139071e-01
 -2.0109951e-01
  1.0614039e+00
  3.2472543e-02
 -1.4269019e+00
  4.3309578e-01
  3.5289418e-02
 -1.1069607e+00
  2.5131563e-02
  3.3126891e-02
  3.9987233e-01
 -9.0402208e-02
  1.3384718e-02
  5.1997453e-01
  9.0793222e-02
 -4.4082707e-01
  7.2802402e-05
 -1.1513933e+00
 -1.5967534e-01
  7.7737445e-01
 -5.9352541e-01
  3.4990257e-01
  6.3701171e-01
  2.7281547e-01
  5.8333236e-01
 -3.8816726e-01
 -1.8681915e-04
 -3.4786740e-03
 -5.6694895e-01
 -2.3069434e+00
 -3.2802463e-01
  4.7379804e-01
 -1.9921429e-04
  1.3623422e+00
  4.2764223e-01
  3.4766331e-01
  4.2546219e-01
 -8.0087423e-01
  4.4527990e-01
 -9.2478579e-01
 -6.9633651e-01
  5.7234490e-01
  3.8727906e-01
  6.3539758e-02
 -3.0348831e-01
 -5.6368607e-01
  2.1384938e+00
 -7.0752501e-01
 -2.4037993e+00
  8.4660022e-04
  2.1629009e-01
  9.5127839e-01
 -3.0136847e-05
 -4.1843066e-01
 -7.4280768e-05
  4.4246784e-01
  1.9159736e-01
  1.1142503e+00
 -2.9291534e-01
  5.5634320e-01
 -5.0433469e-01
  5.7017350e-01
 -1.0011630e+00
 -2.0619467e-01
  4.2765385e-01
  4.8452747e-01
  8.5107547e-01
  3.8428314e-02
 -9.5438117e-01
  4.7134337e-01
  5.0067782e-02
 -1.3455986e+00
  4.0638372e-01
 -1.0179690e+00
 -1.7683545e+00
  2.2086528e-01
  6.3148689e-01
  2.5759106e+00
  1.2150273e+00
  5.4225492e-01
 -1.0819381e+00
  1.8928090e-01
  6.7956907e-01
 -2.5110779e+00
  2.2756472e+00
 -9.2870355e-01
  4.1440600e-01
 -4.4714493e-01
 -6.0060585e-01
  8.8312685e-01
  1.1663304e-01
  1.1624408e+00
 -2.2792862e-01
  1.5923897e-02
 -4.2305276e-02
  5.6031966e-01
 -2.2525707e-01
 -6.7023106e-02
  4.0828124e-01
  2.5127643e-01
 -3.4538917e-02
  1.4443968e-01
 -9.5753111e-02
  1.3833149e-01
  5.7999945e-01
 -4.2217061e-02
  3.5659143e-01
  2.0579148e-02
 -1.0372460e+00
  2.4596792e-01
  2.3077689e-04
 -1.1665164e+00
 -9.0262882e-05
 -9.5080507e-01
  3.4627995e-01
 -1.7795265e-02
  4.2938612e-02
  3.9286718e-01
 -1.2010375e-01
  2.1292993e-01
 -2.4361849e-01
  2.1005657e-01
 -1.1327677e+00
  1.5029669e-05
  3.7892076e-01
  3.3641627e-01
 -6.9340748e-01
 -2.0885716e-01
 -7.6040000e-01
 -2.7841693e-01
  8.6316913e-03
 -2.7522331e-03
  4.2738211e-03
  8.0231100e-01
  5.1873016e-01
 -1.4944976e-02
 -1.4699858e-01
 -5.9937265e-02
  1.9218385e-02
 -2.7927774e-01
  1.9901460e-01
 -1.1423965e-02
 -4.3771711e-01
 -1.8311331e+00
 -2.7721122e-04
 -2.0386486e-01
 -7.0946133e-01
 -4.0005079e-01
 -3.5066258e-03
 -2.6697837e-02
 -7.9021402e-02
 -4.9427086e-03
 -5.7026964e-01
 -3.9526144e-01
 -6.6385442e-01
  1.4199637e-01
 -4.3034837e-01
 -6.1679351e-01
  2.7869076e-01
 -5.1051819e-01
 -1.9888602e-02
 -2.0966599e-04
 -6.7480922e-01
  3.6546305e-01
 -6.1170984e-04
 -1.6398342e+00
 -1.7525464e-01
 -5.5159505e-02
 -5.2802682e-01
  2.8826407e-01
 -6.7532215e-05
 -2.6981348e-01
 -1.2400880e-02
  1.7137842e-01
 -7.9386938e-01
 -2.5435435e-02
  8.6114925e-01
 -5.5214643e-01
  1.4893918e-01
 -1.6941182e-01
  7.3563242e-01
  1.4499854e-01
 -5.8675599e-01
  2.0781273e-01
 -1.9175455e-01
 -1.4391904e-01
  2.8657320e-01
 -2.8636825e-01
  2.9189935e-01
  3.0128434e-04
 -1.3758273e-01
  6.2475377e-01
  3.5952502e-01
 -9.7172856e-02
  9.1053022e-04
 -2.9034787e-01
 -5.6100292e-03
 -6.2509600e-05
  8.0428350e-01
 -1.8224256e-01
 -3.3363149e-02
  4.5223422e-02
 -3.9707252e-01
  1.3884054e-04
  2.6920890e-02
 -3.0336761e-01
  1.0434357e-04
  1.0387606e-02
  5.8338126e-05
 -3.0520263e-01
  2.9972523e-01
 -7.4952794e-04
 -3.5242894e-01
 -1.3927419e-03
  1.2669784e+00
 -1.2294329e-03
 -2.9752242e-05
 -1.5832811e-06
 -3.5253473e-05
  1.2929153e-04
 -7.3119797e-02
 -1.0724074e-05
  1.1182060e-01
  6.4129077e-02
  1.5228802e-05
  1.6887186e-01
 -1.8351167e-01
 -1.8380354e-01
  1.9605795e-01
 -2.1707041e-03
  9.0243882e-03
 -1.3569646e+00
 -5.2792227e-01
  1.4921868e-01
 -4.1197801e-01
 -1.7775597e-02
  5.8552355e-01
  1.5617356e-01
 -8.4498763e-02
 -1.7781007e-01
  2.6745188e-01
  4.1778210e-01
  1.5119340e-04
  3.7031460e-01
  9.7132616e-02
  1.2007311e-04
  4.3960401e-05
  1.4454639e-01
  2.6774478e-07
  2.0447664e-01
  1.9737099e-01
  2.0800923e-01
  8.8539127e-05
  4.1948965e-01
  2.5134918e-01
  9.7804157e-05
  7.2690535e-05
  2.2322619e-04
 -3.3257098e-04
  8.1127375e-01
 -2.4522280e-03
 -2.1315918e-03
  7.5876814e-01
  6.6426734e-04
  5.2969813e-01
  6.6266090e-01
  5.5393582e-05
  2.9601466e-03
 -1.2242042e-04
 -3.7029048e-04
 -1.2404044e-01
 -3.6896502e-03
  3.0397205e-04
 -1.0213404e-01
  2.1626121e-01
 -2.8684473e-01
 -3.0338079e-01
  1.6703886e+00
 -5.7212170e-03
 -2.7465850e-01
 -5.9961033e-01
 -1.8871886e-01
  2.1218990e-01
 -1.0160300e-01
 -2.1684104e-01
  4.7574928e-01
 -1.4113026e+00
 -4.0177959e-01
  4.5302000e-02
 -4.2478433e-01
 -4.2522660e-01
 -1.4348012e-01
  3.3497731e-03
  3.5266840e-01
 -8.0698097e-01
 -5.1793003e-01
  1.0545294e+00
  2.5117313e-02
  6.0627699e-01
 -1.6957362e-01
  6.7844486e-01
 -6.8713892e-01
 -1.4926573e+00
  3.7829632e-01
  3.6226803e-01
  3.2957077e-01
  3.8541579e-01
  6.3034868e-01
 -1.4761530e-01
  2.3141107e-01
  2.6402020e-01
  3.2763526e-01
 -2.5158280e-01
 -1.0113368e-01
 -8.6956966e-01
 -1.2965015e+00
  3.5737842e-01
 -1.3983388e-01
  7.0208603e-01
  2.9545635e-01
 -1.3064428e-01
 -1.5588030e-01
 -6.7404971e-02
 -2.1130855e-01
 -5.5741280e-01
 -4.5788053e-02
 -8.7676924e-01
 -4.1634217e-01
 -8.1032753e-01
  1.2752706e-01
  6.5871346e-01
  2.1333410e-01
  2.6507270e-01
  5.7198483e-01
  1.3447140e-01
  2.5691361e-06
  5.0084454e-01
  1.9747344e-01
  1.6690721e-04
  3.2133231e-01
  4.5792499e-01
 -2.8659524e-02
  4.0628353e-01
 -7.2197765e-02
 -1.1712459e-01
  1.6323529e-02
  2.3298083e-02
  9.5743656e-02
 -3.5927802e-02
  1.1432464e-01
  1.6833286e+00
 -1.2518856e-03
  1.0018197e+00
  3.4086391e-01
  2.6637489e-01
  4.5616746e-02
 -4.4476908e-01
  3.1519735e-01
 -4.4325435e-01
 -5.4258955e-01
 -4.9629282e-02
 -1.2997611e-03
  1.8838309e-01
 -6.8577188e-01
  4.0421474e-01
  3.0020049e-03
 -1.8346789e+00
 -3.5905894e-02
  3.8106209e-01
 -1.2258215e-01
  1.3994136e-01
  2.4451612e-01
  5.6957281e-01
  4.9139611e-02
  2.8385350e-01
  5.2904373e-01
 -3.3706975e-01
 -1.5077285e-01
  3.9962628e-01
  2.8052596e-02
 -2.4971458e-01
  2.5337033e-02
 -7.7288114e-02
  5.1577608e-05
 -9.7258971e-06
 -4.3990922e-01
  5.3509754e-01
 -1.5067022e-01
 -6.4245230e-01
  3.8119057e-01
  1.3698910e-01
 -6.9088262e-01
 -3.4693804e-01
  6.2160152e-01
 -4.6172667e+00
 -1.9958338e+00
  1.4840348e+00
 -1.7865469e+00
  5.9487784e-01
 -1.2496150e+00
  1.4344889e+00
  2.3851323e+00
  1.5720966e+00
 -1.6202890e+00
 -9.9385113e-01
  7.9789621e-01
  2.8953004e+00
  1.3059586e+00
  7.7080458e-01
  2.1037941e-01
  2.8015122e-01
 -9.5360595e-01
  1.0774610e+00
  9.4713110e-01
  1.5326913e-01
 -3.8923353e-01
 -7.3423040e-01
 -3.1540077e-02
  3.9640126e-01
  2.9351392e-01
 -1.2343111e-01
 -1.0074098e+00
 -2.8982675e-01
  3.5264322e-01
 -5.2786523e-01
  8.6621292e-02
 -1.9652265e-01
  3.8108566e-01
  5.0576720e-02
 -8.2128060e-01
  2.1006158e-02
 -7.1364993e-01
  3.4871085e+00
 -1.8966007e-01
  4.3969798e-01
  1.5293634e-01
  2.9174474e-01
  3.7211069e-01
  7.4385144e-02
 -1.5616609e-01
  1.3505457e-01
 -5.5310476e-01
  1.7782164e-01
  4.2550647e-01
 -1.3642387e+00
  5.4690450e-01
  8.2403898e-01
  1.9747663e+00
  1.2911800e+00
 -3.3114906e-02
 -9.6467070e-02
  7.8393930e-01
 -4.4653937e-02
 -3.5024512e-01
 -2.8764585e-03
 -8.3701596e-02
  3.3242677e-03
 -1.0616763e-03
  1.1932691e+00
 -5.7972211e-04
 -5.3674608e-01
  8.8346139e-02
  7.0529950e-01
 -2.9839233e-01
  1.3578519e-01
  4.9397188e-01
 -7.8133851e-01
 -8.8664836e-01
  6.4789337e-01
 -1.7259721e-01
  5.1974386e-02
  2.8526512e-04
 -6.7758143e-01
  9.1283602e-01
 -4.7501934e-01
 -2.4970064e-02
  2.5421482e-01
 -4.0081319e-01
  5.0605792e-01
 -1.3574173e-01
  1.3367149e+00
  4.1102755e-01
 -7.6406372e-01
  2.1544342e+00
  3.1465370e-02
 -3.0133301e-01
  6.2728298e-01
 -8.8059807e-01
  7.4793977e-01
 -7.6131970e-01
 -1.9295253e-02
 -4.0540697e-05
 -3.0896950e-01
  5.4689848e-01
  4.5528844e-01
 -6.7332125e-01
 -3.8282442e-01
  4.5220694e-01
  1.2691616e+00
  1.9376155e-02
  8.9456677e-01
 -1.5921917e-02
 -2.3168276e-01
 -4.3709603e-01
  1.1947820e-01
  5.6317514e-01
  1.1335846e-01
  9.2659551e-01
 -1.9744183e-01
  3.9586067e-01
 -3.7156433e-01
  3.9786541e-05
 -1.3570020e-01
 -2.3006177e-02
 -1.9986202e-01
 -9.3646841e-03
  8.5229825e-05
 -3.9434370e-02
 -1.6831234e-01
  1.3211698e-04
  3.0070776e-01
 -2.6877400e-01
 -1.6988955e-01
  1.2925510e+00
  3.7018585e-04
  2.3936185e-01
  1.3904098e-01
  3.8608577e-02
 -1.4565861e-01
  1.7551547e-01
 -9.7654976e-02
 -8.1443650e-01
 -2.8868399e-05
  2.1031335e-01
 -5.4339790e-01
  2.5190929e-01
 -5.1750589e-02
  1.0383271e-01
 -5.9225702e-01
 -2.7315784e-01
 -1.8306321e-02
 -1.6709097e-01
 -6.1069586e-05
 -6.3570625e-01
 -4.3207437e-01
 -5.4560298e-01
 -9.4680685e-01
  8.5042957e-03
  1.8696666e-01
  2.3797423e-01
 -5.0704938e-01
 -5.7793689e-01
  9.9004686e-02
  1.3384160e-01
  6.2544340e-01
  2.0683005e-01
  9.2660820e-01
  6.1165279e-01
 -2.0460625e-01
  3.4748614e-02
 -7.2383112e-01
 -2.3761229e-01
 -1.2579764e-01
  1.7553169e-01
  4.8972111e-02
 -2.4744594e-03
  3.1308556e-01
  2.7801546e-01
  2.1000199e-01
  4.9144928e-03
  2.5806913e-01
  2.3771575e-01
 -1.7529516e-01
  7.5631696e-01
 -6.4691001e-01
 -3.1955215e-01
  1.5098681e-01
 -1.6112454e+00
 -1.2576629e+00
  1.3315005e+00
  2.2735751e-01
  1.1907903e+00
  1.1684552e+00
  6.8804505e-03
  9.3428087e-01
  2.1084478e-01
 -1.0357338e+00
 -1.7491832e+00
  1.1913396e+00
 -7.7472842e-01
  2.9329914e-01
 -1.3547637e+00
 -2.6202518e-01
 -8.6667508e-01
  3.7862146e-01
  2.4278127e-02
  3.9586762e-01
  1.3570592e-01
 -7.0409876e-01
 -4.8183736e-01
  1.3532442e+00
 -9.4659942e-01
  5.2449957e-02
 -7.4389863e-01
 -5.5259007e-01
 -1.1642627e+00
 -1.0830817e+00
  9.1143048e-01
  1.0061971e+00
  4.1549880e-02
 -3.6407238e-01
  1.0295830e+00
  2.3375497e+00
 -8.2105404e-01
  6.7100322e-01
  1.4495583e-01
  4.8514074e-01
 -1.9819388e+00
  3.4354132e-01
  5.2424639e-01
  8.8185400e-01
 -9.8099017e-01
  2.5678742e-01
  1.0600032e+00
  3.2415532e-02
 -7.5592965e-01
  5.3821993e-01
  1.8482401e+00
  2.0178566e+00
 -1.5852638e-01
 -2.1324356e+00
 -9.1728663e-01
  2.0813887e-01
 -1.0589741e-04
 -3.0813854e-02
  1.6882516e-01
  2.0109683e-01
 -2.3100951e-01
  2.9251873e-01
  1.4123838e-05
 -1.0449090e+00
  7.3713459e-02
  1.5291019e-01
 -1.1138773e+00
 -1.6052120e-04
  3.5799306e-02
  7.7866428e-02
 -3.4979671e-01
 -6.3380069e-01
  6.8469870e-01
  1.5789391e-03
  3.3827129e-04
  2.1567512e-02
 -1.6650943e-01
 -2.3722736e-02
 -2.5774229e-01
  2.2484909e-01
 -3.8474429e-02
 -3.8601246e-01
  3.4555352e-01
 -5.1179320e-01
  3.7777099e-05
 -5.3261596e-01
 -1.4132543e-01
  2.1659568e-01
 -1.2990185e+00
 -3.3021399e-03
  9.9460906e-01
 -1.5635602e+00
  8.3144200e-01
  5.4970169e-01
  6.0655844e-01
  1.3674976e+00
  1.9130750e-01
  7.5483358e-01
  5.4027569e-01
 -3.3536591e-02
  1.2908237e-02
  8.0103230e-01
 -1.2824433e-01
  2.6646861e-01
  9.3561786e-01
  9.2745334e-02
  4.0309958e-05
  2.2387197e+00
  3.3962515e-01
 -1.6506727e-05
  4.4380504e-01
  4.4490310e-04
 -1.5294628e-01
 -5.3714550e-01
  1.0720782e-04
  1.2690711e-01
 -1.9501559e-01
 -4.6356368e-01
 -4.0815079e-01
  6.1379172e-02
  2.0522916e+00
  4.6470058e-01
  8.2250851e-01
 -4.9934360e-01
  3.0312523e-01
 -1.8837358e-01
  1.4680412e-02
 -2.4770254e-01
  1.1963820e+00
 -4.3051023e-02
 -6.0731277e-02
 -6.0974354e-01
 -4.0755393e-03
  7.7002698e-01
  8.3122498e-01
 -1.4868224e-02
  2.8238013e-01
  1.4083643e-01
  2.2794522e-01
  1.5123518e-01
 -2.7142873e-02
 -9.9126190e-02
  6.2207276e-01
  1.1124587e+00
 -4.0271702e-01
 -2.0516928e-01
  1.3110368e+00
  3.3097506e-02
  4.1182923e-01
 -5.4598129e-01
  2.7242193e-01
 -1.1904846e-02
  2.8127486e-01
 -3.4169623e-01
 -1.6337346e+00
 -9.0213931e-01
 -2.7618740e-02
  9.5785397e-01
  5.0321060e-01
  4.4123688e-01
  2.8378609e-01
 -2.9717344e-01
 -2.2138941e-01
 -7.3633239e-02
  2.1512097e-01
  1.7422315e-01
 -2.5264907e-01
 -3.1799600e-01
  1.2186106e-01
  3.7039161e-01
  1.1064022e-01
  2.5120652e-01
 -2.1104889e-01
  1.0369993e-01
 -6.5940344e-01
 -9.5144737e-01
 -6.7671455e-02
 -2.0232956e-01
  8.2222688e-01
  3.6915219e-05
 -5.9208169e-04
  3.0608147e-01
 -1.0550623e-01
 -3.0302852e-01
  2.4047396e-01
 -5.5540097e-01
 -1.7092243e-02
  5.1742679e-01
 -1.1073450e+00
 -1.7607304e-01
 -2.5299710e-01
  1.4727963e-02
  2.1428362e-01
  1.9603516e-01
 -2.9278424e-01
 -2.2836743e-05
  6.8708432e-01
  2.2065039e-01
  1.4978414e+00
  6.7646921e-02
  5.9078898e-02
  4.8634762e-01
 -7.3776805e-01
 -6.2657617e-02
 -5.5923522e-04
  3.4159559e-01
  4.5252632e-04
  2.3733418e-01
 -6.0004942e-02
  2.6612520e-02
  3.3980128e-01
  8.3509260e-01
 -3.7705872e-02
 -5.3683972e-01
 -1.0056057e-01
 -5.8933282e-01
  1.5701729e-01
  2.9881555e-01
  1.6631724e-01
  1.3161385e-02
 -1.1848328e+00
  9.3800522e-02
 -1.9810401e-02
 -4.0978193e-02
 -1.1679097e-01
  8.9700446e-03
  2.9264189e-02
 -5.8119631e-01
 -4.3662776e-06
  2.8354594e-01
  6.6370505e-01
  7.9005623e-01
  2.2421421e-01
  1.2078720e+00
  3.6378154e-01
  5.0025492e-04
  6.1022114e-05
  4.9800274e-05
  8.8079396e-05
  9.2617756e-06
 -3.5250909e-05
  7.8604557e-05
 -1.1991110e-04
  9.9911631e-05
  3.2943870e-05
 -1.5860493e-04
  3.6462021e-05
 -3.2703647e-06
 -1.3705387e-04
  4.7585727e-05
 -4.2394960e-05
  3.7885562e-05
  3.6335023e-05
 -2.2658733e-06
  1.2814419e-05
  1.5092484e-04
  1.2196260e-04
  5.7301917e-05
 -2.0855665e-05
  5.6147412e-04
 -1.7701255e-04
  8.1302715e-05
  4.2752250e-05
 -3.4992667e-05
  1.4913046e-05
 -1.3318746e-05
  5.4608052e-05
 -1.9100691e-04
 -6.8012298e-05
 -1.2178570e-04
  8.7371940e-05
 -2.3551070e-04
  3.6371690e-05
 -1.9116970e-04
  2.2532207e-04
 -7.3456526e-05
 -1.2789331e-04
  7.5027383e-05
 -1.4909978e-04
  8.5722546e-05
  4.4174449e-05
 -1.3743876e-05
  2.3810835e-04
  4.5116517e-06
 -2.7882528e-05
 -1.6621887e-04
 -4.9401365e-06
 -8.1940256e-05
 -2.3680263e-05
  2.3564848e-05
 -6.7453300e-05
 -1.6584504e-06
  1.6491204e-04
 -1.6140945e-04
  6.5868750e-05
 -7.1825099e-04
  7.0815343e-01
 -1.9579284e+00
  1.3087816e+00
  2.2089684e-01
 -4.2960718e-03
 -1.8784530e+00
  1.7131695e-01
 -6.2357042e-02
 -5.9728485e-01
  6.2298733e-01
  6.1373985e-01
 -2.0443459e-01
  1.0122892e-02
 -8.2753474e-01
  9.1521040e-02
 -1.7223391e-01
  1.1900779e+00
 -7.4829024e-01
  5.2807140e-01
  2.8190143e-02
  1.7809223e-02
 -3.0899748e-01
 -1.2182654e-02
 -2.2053704e-01
  4.5759246e-01
  4.0624180e-01
 -6.3001709e-03
 -1.1124051e-01
  6.7337197e-01
 -4.1453379e-01
 -3.5836244e-01
 -1.2818298e-01
 -8.9978927e-01
  9.2871994e-02
  1.3547532e-01
 -1.0293058e+00
  6.3392299e-01
  6.1440844e-02
  3.4505284e-01
 -3.5376705e-02
 -6.2398586e-02
  1.2533005e-01
 -1.4290313e-01
 -9.1415447e-01
  4.4150110e-02
  3.0811483e-01
  4.3193299e-01
 -9.4570804e-01
  9.2215002e-02
  3.3423102e-01
  1.8194227e-02
  5.4742444e-01
  2.3198070e-01
 -5.1110286e-01
 -1.8970576e-01
 -6.2915856e-01
 -2.3191710e-01
 -5.3471118e-01
 -6.0940015e-01
  7.7917837e-02
 -1.4233100e-01
  1.0697382e-01
 -1.3493389e+00
 -7.7399187e-02
  1.0657060e+00
 -7.8272486e-01
  1.7327449e-01
 -4.7444665e-01
 -3.6069497e-01
  2.7900088e-01
 -4.8192042e-01
 -1.0439747e-02
  4.0915844e-01
  7.7121663e-01
 -3.6618203e-02
  5.3942627e-01
 -4.1639122e-01
  4.0818477e-04
  8.8588810e-01
  3.1968895e-01
 -5.9411377e-01
 -9.8700076e-04
 -9.7305107e-01
  3.6715069e-01
 -4.3650743e-01
 -5.1625486e-02
  2.7222875e-01
  1.3214052e-02
 -5.4093997e-04
  1.6906187e-01
  1.5931876e-02
 -1.2039802e-01
 -6.3361728e-01
 -4.5458826e-01
 -3.8052243e-01
 -7.9006785e-01
 -3.2789707e-01
 -8.4906733e-01
 -8.1220694e-02
 -6.7406021e-02
 -6.3128698e-01
  1.9868748e+00
  2.6350963e-01
  2.8244913e-01
  4.2002788e-01
  1.4218031e-01
 -7.1424085e-01
 -1.1262420e+00
 -1.3081145e+00
 -2.9983625e-01
 -2.4713464e-01
  1.5887353e-01
  4.3464816e-01
  1.6090681e-04
 -3.9590731e-01
 -1.3399316e+00
 -2.4807115e-01
  1.9062528e-01
  5.8351099e-01
 -1.2816674e+00
 -1.0568433e+00
  2.2074395e-01
  1.7911117e-01
  2.2956872e-01
 -2.3866350e-02
  7.8511208e-02
 -3.8281485e-01
  3.2588628e-01
  8.5278574e-05
  2.3925208e-01
  8.8321283e-02
  1.0774072e-01
  5.1558954e-03
 -4.5082429e-01
  2.5404197e-01
 -4.9321324e-01
  7.3222062e-03
  8.2177389e-01
 -1.6043720e+00
  1.1038826e-01
  2.2871850e-01
 -1.4480368e+00
  1.3287868e+00
 -7.1711880e-01
 -3.2647884e-01
  1.2578218e-01
 -3.7797636e-01
  1.4315772e-01
 -5.9440571e-01
 -4.7638370e-03
  3.3546707e-01
  4.5536315e-01
 -1.1543838e-01
 -3.2150787e-01
  7.6444185e-01
  1.5308378e-04
 -1.4861770e-03
 -1.9428445e-02
 -1.4182600e-01
  4.3058440e-01
  1.8587025e-01
  1.0486838e+00
  1.5644135e-01
  1.1212520e-01
  2.3737682e-01
 -3.2818943e-01
 -3.9849335e-01
 -1.0985932e-01
 -3.7339611e-03
 -5.6017554e-01
 -1.7494440e-01
  4.1128073e-02
 -3.4645125e-01
 -2.8385448e-01
 -6.0686823e-03
 -7.5063945e-06
  1.9831879e-02
  7.8306133e-01
  2.4668233e-02
  1.4684406e-04
 -3.3957869e-01
 -6.0725373e-01
 -3.2555509e-01
 -6.1895911e-02
 -4.2005023e-01
 -1.0524282e+00
  1.5444472e+00
 -1.7331593e+00
 -3.7820294e-01
  2.0598373e-01
 -5.6073058e-01
  4.0481463e-03
 -4.5652553e-01
 -1.5260807e+00
  7.0770884e-01
  6.1515782e-02
 -5.7935649e-01
 -6.2112740e-06
 -5.9857070e-01
 -1.0192877e-01
  4.7839946e-01
 -4.4079995e-01
  3.9735386e-01
 -2.8769890e-02
  4.6805164e-01
 -6.1948341e-01
 -5.5078560e-01
  3.2006022e-01
 -4.7483897e-01
  4.4365475e-01
  1.1967247e-02
 -1.5414120e-01
 -1.7237638e-01
 -5.8648491e-01
  1.5711275e-01
 -1.1771196e-04
 -5.2884515e-02
  1.9595695e-01
 -2.5729650e-01
 -2.5373331e-01
 -3.2379807e-03
 -3.4690174e-01
  4.1344117e-02
 -7.9798496e-01
 -4.8117709e-01
  2.4870193e-02
  1.2499670e-01
  8.7987369e-01
 -6.2427716e-09
  1.0198795e+00
  9.0627119e-02
 -8.6600292e-01
  1.2785467e+00
  1.4945307e-03
  3.4380212e-01
  3.7104252e-01
 -6.4461905e-01
 -4.5327756e-01
 -1.4112672e+00
 -1.8160699e-01
 -1.9508336e-01
  1.8093689e-01
 -1.1802512e-03
  1.2017976e-02
  8.5530363e-02
 -2.7829653e-01
 -3.3158258e-01
  4.0725037e-02
 -5.6985784e-02
  9.0384064e-03
  3.4205711e-01
 -2.6318362e-01
 -3.8853970e-01
  5.9487335e-03
  6.8567125e-03
  1.1617579e-01
  5.1794499e-02
 -4.0078317e-03
  5.5388981e-01
 -7.8638244e-01
  4.0772054e-01
 -1.6314882e-01
 -5.3987116e-01
  4.7048002e-02
  2.2764096e-01
 -5.9973821e-02
 -2.8427070e-01
 -2.1927828e-01
 -1.4177176e+00
 -1.3955672e+00
  5.1591899e-02
  3.8084868e-01
  5.1948136e-01
 -3.3683196e-02
 -1.8424900e-01
  7.9786325e-01
 -2.7252999e-01
  1.0886513e-01
  4.8912182e-03
  4.7883671e-02
  2.4262266e-01
 -2.0526579e-02
  6.6708297e-02
  3.9900917e-01
 -1.2059348e-01
 -4.3062842e-01
 -4.6890830e-03
  3.5574713e-01
  5.2640104e-01
  1.2909618e-01
  1.0615093e-01
  3.6842099e-01
  2.1659700e-02
 -5.9761220e-05
 -3.9861687e-02
 -2.8910074e-01
 -6.0715385e-05
 -1.2859091e+00
  5.6218017e-02
  1.3587421e-03
 -6.0370088e-01
 -1.4899509e+00
  9.6516524e-05
 -1.2408651e+00
 -4.2869616e-02
  6.5741003e-01
 -1.2184275e+00
 -1.0723434e-01
 -1.0931757e-03
 -1.1835331e+00
 -1.5611594e+00
 -1.0401453e+00
 -2.4232185e+00
 -8.4270990e-01
 -3.5173801e-01
 -4.3547431e-01
 -3.4833312e-05
 -7.6453459e-01
 -3.1083994e-02
  6.0221368e-01
  9.4461995e-01
  5.2899784e-01
 -1.3053830e-01
 -6.6264063e-01
 -3.5277247e-01
 -3.9556685e-01
 -4.3724778e-01
 -4.7071940e-01
 -4.7655496e-01
  2.2892013e-01
 -1.2379016e+00
  1.4228769e-01
 -6.2272054e-01
  2.2115088e-01
  1.2168793e-01
  3.2086527e-01
  1.2894531e-04
 -3.6000049e-01
  4.4309321e-01
  1.8563212e-01
 -1.3861006e-01
 -5.3337330e-01
 -3.3956379e-01
  5.9399128e-01
  5.6472790e-01
  8.5779481e-02
 -2.9745987e-01
 -1.5631858e-01
  4.7073850e-01
  1.9692714e+00
  5.6712234e-01
  1.5903631e-01
 -1.8186371e-01
  9.6627045e-01
  2.4700552e-01
  3.3153795e-02
  2.3214248e-05
 -6.6733211e-01
  5.9846994e-02
  4.9589255e-01
 -9.3535495e-01
  2.5240257e+00
  1.4566263e+00
  2.1431692e-01
  1.4116687e-01
  5.7929274e-02
  4.0875651e-02
 -9.4497931e-01
 -1.1592958e+00
 -8.4529424e-01
 -9.0828633e-01
  1.2651643e+00
  5.1372819e-02
 -1.5201583e+00
  1.3239154e+00
  8.8950056e-01
  1.2603112e+00
 -1.6230550e-01
  1.8128332e-01
 -7.8649712e-01
  2.5963778e+00
 -7.0649743e-01
  3.2682270e-01
 -1.5511572e+00
  3.9742135e-02
  5.6458616e-01
  1.1100526e+00
 -1.4547611e-02
 -3.6282414e-01
 -3.8433048e-01
  9.4062215e-01
  8.6699778e-01
  1.1661651e-01
  8.0594754e-01
  9.2536673e-02
 -9.8463275e-02
 -5.7091892e-02
  8.8881099e-01
 -3.0688092e-01
 -1.0066683e+00
  9.1909719e-01
 -6.2043470e-01
  2.0299294e+00
 -5.6830829e-01
  1.6483028e+00
 -2.0542879e+00
  1.7759119e-01
  6.5176672e-01
  1.3804020e+00
 -7.0417935e-01
  2.6050804e+00
  2.7895406e-01
  2.0216253e-02
  2.5713084e+00
 -1.9958619e+00
  4.4702405e-01
 -1.8184557e+00
  4.7162443e-01
  2.7408496e-02
 -1.1803272e-01
  2.6540416e-01
 -5.0648695e-01
  1.4706482e-01
  1.6346833e+00
  5.6720543e-01
  2.2389187e-01
  6.2812752e-01
 -2.0104006e-02
  6.9420412e-02
 -2.3941560e-01
  9.2691183e-01
  5.0653875e-01
 -3.8982767e-01
  8.7995738e-01
  9.2460126e-02
 -2.5148985e+00
  1.6406263e-01
  2.0502529e+00
  7.6330394e-02
  1.0466036e+00
  2.6445949e-01
 -1.9575299e-01
  1.6841702e-01
 -4.6306837e-01
 -2.1020167e-01
 -5.6749177e-01
 -4.7205648e-01
  1.0624827e+00
 -2.7461627e-01
 -3.2044806e-02
  4.3990988e-01
 -2.8406984e-01
 -1.4986750e-01
 -5.5618495e-02
  1.2608609e-01
 -5.8288682e-02
  3.0270210e-01
  2.7911234e-01
 -8.5581523e-01
  2.9882047e-01
  7.3928988e-01
  2.0852739e-01
 -1.6663880e+00
  7.4849042e-05
 -6.1288798e-01
  3.3184925e-01
  1.2250598e-01
 -2.1093555e-01
  2.2948231e-01
  1.5396444e-01
  6.2908059e-01
 -2.5444698e-01
 -7.5365342e-02
  4.5638928e-01
  1.9328974e-01
 -9.7793001e-01
 -3.9654542e-02
  1.3022439e-02
 -7.4355942e-01
 -2.5941879e-01
 -2.3075341e-05
 -5.4249966e-01
  8.7497361e-02
  9.4453897e-04
 -7.5608629e-01
 -8.9208810e-03
  6.9983220e-01
  3.0326359e-02
 -7.8456509e-01
 -2.8273068e-02
  7.7992983e-05
 -1.6523010e-04
 -3.2106149e-01
 -4.5942360e-01
  4.9594578e-01
 -5.4642665e-01
 -4.3482386e-02
  3.7704903e-01
 -8.7918234e-01
 -4.8307377e-01
  1.7387588e-01
 -3.6106759e-01
  1.7168910e-04
 -5.9371531e-01
  5.3885062e-03
 -8.0577493e-02
 -2.9440328e-01
  8.2384664e-01
 -1.1725608e-03
  2.8844175e-01
  4.0015230e-01
 -2.2270502e-01
  3.8265466e-04
 -3.3993903e-01
  3.2048434e-02
 -6.8891168e-01
  2.7104953e-01
 -1.3336009e-01
 -3.4915617e-01
 -4.2362869e-01
 -2.2066273e-01
  5.1287334e-02
  1.5325373e-04
  2.8043585e-03
 -6.9355452e-01
 -1.5400611e-01
  3.0340913e-01
 -3.3434842e-02
 -1.0979226e-04
  2.8419483e-01
  1.1628287e-04
 -7.6578802e-01
  1.1905470e-03
 -1.8360147e-01
 -1.2191605e-01
 -6.2019551e-01
  2.4923080e-04
  1.9998451e-04
 -2.4650323e-01
  5.4389220e-03
  1.2513194e+00
 -2.4977566e-01
 -4.5698363e-01
 -8.5137749e-01
  6.0977298e-01
 -1.9013350e+00
 -4.4168252e-01
 -2.9296651e-01
  3.4324158e-02
 -6.5564227e-01
 -3.1032136e-01
  1.5539213e+00
  5.0373346e-01
 -3.0761257e-01
  1.5821118e+00
  1.7026306e+00
 -4.8464113e-01
  3.1244794e-01
  6.0142785e-01
 -6.5444332e-01
  4.1091546e-02
 -3.0482078e-01
  5.3894001e-01
  1.9995876e-01
 -5.1162645e-02
  2.3400946e-01
  2.1019220e-01
 -3.0903392e+00
  8.4732395e-01
  1.1620888e+00
  9.4837397e-01
  4.9572381e-01
 -2.7678984e-01
 -8.0298913e-01
  4.3492737e-01
 -2.5765708e-01
  4.4040814e-02
 -2.4634480e-02
  1.2921931e+00
  2.8345254e-01
  8.8387316e-01
 -1.4798269e+00
  1.0971029e+00
 -9.8812036e-02
  2.9897502e-01
  8.0136269e-02
 -1.4840274e-01
 -8.3407909e-01
 -9.5865417e-01
  1.4451502e-01
 -1.4371988e-01
  1.6435987e-01
 -1.5265703e+00
  1.0421634e+00
 -6.5797925e-01
  1.2014492e+00
 -1.4932957e+00
  6.5743342e-02
  2.2022447e-01
  6.5202266e-01
  4.1234070e-01
 -1.4738839e+00
  2.5863811e-01
 -6.8268979e-01
  9.8329705e-01
 -7.8405964e-01
  8.7799586e-02
 -2.1725798e-01
  2.5135344e-02
 -2.5227305e-03
 -9.5008826e-01
 -8.0003692e-03
  1.0754641e+00
  2.1497529e+00
 -1.6663370e+00
  3.5273325e-01
 -1.1634802e-01
 -2.9707414e-01
  2.1554045e-02
 -3.9258873e-01
  8.6955559e-01
  5.4455206e-02
 -1.7582523e+00
 -1.0554285e-03
  1.7585143e-01
  1.9704938e-02
  9.8680896e-01
  9.1069007e-01
  8.6587109e-02
  1.0290675e-01
  1.4448693e-01
 -1.7870586e+00
 -5.1336788e-02
  2.8232691e-01
 -4.8739401e-01
 -7.0673496e-01
  1.0239248e-01
 -5.7300472e-01
  2.6558900e+00
  1.9969628e+00
  5.9708589e-01
 -7.6576650e-01
  8.2874227e-01
  4.1363511e-02
  3.7910140e-01
  7.1831197e-02
  9.1169931e-02
 -1.0122370e+00
 -2.1413188e+00
  3.6232662e-01
  1.0100018e+00
  1.5376350e-01
 -1.7446486e+00
  8.0729049e-05
  3.8016397e-01
  6.6560787e-01
 -7.2466269e-02
 -6.6191453e-01
  6.3642335e-01
 -7.7574397e-05
  1.9341117e+00
 -9.3434051e-02
  1.4369268e+00
 -4.2130283e-01
  1.5411486e-01
 -3.5354069e-01
 -2.9575011e-01
  1.7875010e+00
  3.8201419e-01
 -1.0689205e+00
  2.6208547e-01
 -1.2391190e-01
 -1.0345361e-01
 -2.0418606e+00
 -1.1951590e-01
 -3.4338656e-01
  9.8433024e-01
  1.0354707e+00
  2.7788156e-01
  8.8047093e-01
 -1.3329940e-01
  5.5720925e-01
  1.6780665e+00
  3.1679997e-01
 -3.1653129e-02
  2.2943589e-01
  2.7587736e-01
  1.4460429e+00
  1.9218498e-01
 -4.5090544e-01
  1.3232317e+00
  4.5563257e-01
  5.0766539e-04
  2.7101895e-01
 -1.6230842e-05
  5.4988849e-01
 -4.7078511e-01
  4.4353783e-02
  2.6949043e+00
 -2.0552528e+00
 -7.6221144e-01
 -5.5917174e-01
  5.4349586e-02
  1.5114671e+00
 -5.2112168e-01
 -9.6559316e-01
 -6.3960242e-01
 -1.6912100e-01
  4.2188564e-01
 -3.6915788e-01
 -3.8475946e-01
  1.1450174e+00
 -3.3702061e-01
 -3.2717803e-01
 -1.4300858e+00
  6.1239988e-01
 -3.4615821e-01
  4.0533531e-01
 -2.0214001e-04
 -1.9726038e-01
  3.3925474e-01
  7.2972020e-05
  4.3111701e-02
 -1.9463549e+00
  4.5894776e-02
 -1.4054395e+00
 -1.0224590e-01
 -9.0453196e-01
 -2.1279013e-01
 -1.4684218e-01
  6.0806656e-01
  1.6128533e+00
 -1.6415335e-02
  1.3174525e-01
  1.0920708e+00
 -1.9942367e-01
  1.4964991e+00
  1.2704638e-02
  1.9695370e-03
  1.3830681e+00
 -6.0745202e-02
 -1.9415909e-01
  4.2532873e-03
  3.9955086e-01
  6.9237217e-02
 -1.9765792e-03
  2.0191736e+00
 -3.4363920e-04
  1.9180083e-01
 -9.8335707e-01
 -1.0759749e-02
  7.7725723e-02
  1.7939393e-01
  4.4277214e-04
  1.8912990e-01
  1.1353513e-01
  1.1403599e-01
 -2.5700903e-01
 -1.7966866e+00
 -6.4575002e-02
 -8.5542983e-01
  1.1144434e+00
 -1.7408816e+00
  2.1189725e+00
  1.0609336e+00
  4.2677101e-01
  6.3169283e-01
 -1.9497420e-01
  2.1383150e-01
  4.2374077e-01
 -1.8537334e+00
 -5.8658069e-01
 -8.3594546e-02
  3.5560870e-01
 -7.8111792e-01
  1.9854213e+00
 -2.2550995e-02
  8.2657263e-03
 -1.0034908e-01
 -8.0944691e-03
  1.3208094e+00
  1.9151390e-01
  3.1164017e-02
  5.0678712e-01
  3.4442875e+00
  2.6144752e-01
 -1.0225531e+00
 -8.3529902e-01
  1.4818278e-03
 -2.8932788e+00
 -1.6421803e+00
  1.6306826e+00
  1.0604923e+00
 -1.3614399e+00
  3.9698139e-01
  8.7780696e-01
  7.9178876e-01
  1.2792701e+00
 -2.1470363e-01
 -7.6252317e-01
  9.4548106e-01
  5.9304968e-02
  8.5682285e-01
 -4.0290463e-01
 -1.2071675e-01
 -8.5600577e-03
 -3.1109995e-01
  1.6730386e+00
  3.9474347e-01
 -1.0746193e+00
  1.5326716e-01
 -6.5377033e-01
  7.1717024e-01
 -9.6628016e-01
  4.0730619e-01
 -2.6486784e-01
  2.7694368e-01
 -4.7523734e-01
  1.6797219e-01
  9.4587910e-01
 -9.5143765e-01
  2.0262519e-02
  1.3786889e+00
  1.9138790e+00
  4.0981281e-01
  8.1305861e-01
 -2.6471549e-01
 -4.6523333e-01
  1.8896027e-01
 -1.8104980e+00
  1.9978021e+00
  1.6479545e+00
  1.7982525e+00
  9.5081317e-01
 -1.4780827e+00
  8.0330122e-01
 -8.2623774e-01
 -2.6236477e-01
 -4.8117667e-01
 -4.1167119e-01
  1.1412087e-04
  5.1370424e-01
  5.6294191e-01
  2.2165448e-05
  2.6944417e-01
  8.6391187e-01
  9.0901107e-01
 -3.3500156e-01
 -1.2620227e-04
  1.4787105e+00
 -2.4429274e-01
 -6.2200105e-01
 -5.9854931e-01
  6.2792724e-01
 -1.7516817e+00
 -5.1319391e-01
 -2.8783241e-05
  2.3620994e+00
 -1.4815776e-01
 -9.3529299e-02
  6.3374215e-01
  3.4984812e-01
 -8.4950257e-04
  2.9695624e-01
 -3.2177457e-01
 -6.3367261e-05
 -1.1138225e+00
  2.0370916e-02
 -2.4409059e-01
  5.4907894e-01
  1.7068771e-04
  7.5082771e-02
 -6.7444366e-01
 -5.5225950e-01
  1.5229897e+00
  1.3012340e-02
  5.7649732e-01
 -9.2226678e-01
 -1.1998199e-01
  8.7208027e-01
 -3.5103064e-02
  3.2900855e-02
  6.5758622e-01
 -6.6778207e-01
 -8.5138601e-01
 -6.6035348e-01
 -1.2873763e-01
 -3.7612692e-01
 -9.3478060e-01
  3.4565622e-01
 -1.6009340e-02
 -3.0909684e-01
 -1.2183590e+00
 -1.0308104e+00
  1.4627711e-01
 -3.6593925e-02
  2.1094100e+00
  4.3986431e-01
 -1.2026670e-02
 -1.3119898e+00
  1.2826374e-01
  1.9404121e-01
  1.9717291e-01
  6.8819875e-01
  1.0738131e-01
 -2.0037749e-01
 -3.6374426e-01
  1.6047128e-02
  4.7302920e-02
  4.4577393e-01
  3.0900028e-01
 -7.1314389e-01
  1.4125194e-01
  8.6274631e-02
  2.5803959e-01
  6.6070223e-01
 -2.3275046e-01
  1.0884879e+00
  2.3186798e-01
  3.1507853e-01
 -3.3664465e-01
  1.1621856e-01
  6.1558837e-01
 -1.0028455e-01
  3.2933235e-01
 -5.5250663e-01
 -1.2387560e-01
  3.6285503e-04
 -2.5719959e-01
 -6.0265851e-01
  2.5120031e-05
  1.6187015e-04
 -1.2438862e+00
 -4.3447426e-01
 -9.5463887e-02
 -7.1756548e-01
  7.8193642e-02
  8.6973675e-02
 -6.8421965e-04
  7.9581642e-01
  6.5247111e-02
 -7.5710073e-02
 -5.5196929e-01
 -3.4238763e-02
  2.5831145e-01
 -4.3155289e-01
 -9.0592250e-02
  2.5085154e-01
 -1.8592530e-01
 -3.7734309e-01
 -2.6772374e-01
 -4.4550937e-01
 -4.6607959e-01
 -4.0195644e-01
  2.4846062e-01
 -1.7999285e-01
 -1.3671371e+00
 -1.9564137e-02
 -4.0488128e-02
  7.3331690e-01
 -3.1189060e-01
 -2.8166053e-01
  6.9486961e-02
  8.2082607e-02
 -7.5858951e-02
  1.7068012e+00
  4.4854560e-01
  3.0360761e-01
 -3.7326989e-01
 -6.6568696e-01
  1.8761787e-01
  1.0533903e+00
  2.7550149e-01
 -3.0000196e+00
 -2.5412679e+00
 -2.1857248e-01
  1.1969059e-01
 -7.7253169e-01
 -8.5088658e-01
 -4.1824824e-01
 -4.8097420e-01
  1.1859251e+00
  9.7162712e-01
  9.5075965e-01
 -1.1878303e-01
 -2.8689757e-01
 -8.4384996e-01
 -8.6232364e-01
 -1.8966721e-01
  7.7953362e-01
 -1.9174860e+00
  2.5034730e+00
 -8.5374853e-03
 -3.7047139e-01
 -1.7353435e+00
 -5.2641670e-04
  5.8221322e-01
  4.3209192e-01
  1.1079223e-01
 -2.3043313e+00
  7.4951011e-01
 -8.1206441e-02
  3.9887094e+00
  6.8000442e-01
  2.5712554e+00
 -2.0371504e-01
 -1.2781155e-01
  1.0325915e-01
 -1.0369151e+00
 -1.3906424e+00
 -1.8247473e-01
 -4.7032192e-01
  9.5690459e-01
  7.2222060e-01
  1.6903840e-01
  2.1415255e+00
  4.2503467e-01
  2.8664500e-01
 -2.0143449e-01
  7.1896315e-02
 -2.6038533e-01
 -1.0475869e+00
  2.2668755e-01
  7.4206370e-01
 -9.2585421e-01
  1.7469610e-03
  7.0114613e-01
 -8.1471616e-01
 -7.9759121e-01
 -4.0960741e-01
  2.5904065e-01
 -3.6066827e-01
 -1.2149034e-01
 -4.5332938e-01
  1.6483916e-01
  1.1463189e-01
  1.6725982e+00
 -5.3843498e-01
  3.8854083e-01
 -7.1915209e-02
 -3.4633914e-01
 -1.2980607e-01
 -2.1406673e-01
  1.4078993e-01
  1.6556790e-01
 -2.3767486e-01
  1.0409920e-03
  4.4195393e-01
  1.0653360e+00
  1.0783608e-01
  2.1402538e-01
 -2.0888914e-01
 -8.0641322e-02
 -4.2541698e-01
 -4.3898591e-01
  2.3365639e-01
  8.2136737e-03
  6.0992658e-02
  5.5616277e-01
 -8.6952358e-01
  3.1313455e-01
 -1.9487026e-01
 -1.7325654e+00
 -1.5519123e-01
 -1.3017441e-01
  1.9363920e-01
  2.4947006e-01
  1.0238176e-01
 -1.3897836e-01
 -5.9289753e-01
 -5.6303865e-01
  1.1239669e+00
 -6.4949403e-03
 -1.0191413e-01
 -3.7601498e-01
 -2.2354993e-01
 -1.9830887e-01
 -1.5737385e-01
 -5.7499385e-01
 -6.5605737e-02
 -1.2932631e-01
 -1.8358971e-04
  2.6949539e-04
  1.9234827e-05
  1.2330906e-01
  1.2595028e-02
  1.4026182e-06
 -1.1326316e-04
 -1.0132621e-01
 -1.6509148e-05
  1.7022499e-05
 -1.4216642e-04
 -2.4332078e-01
  6.4895153e-02
 -6.1215973e-01
  3.6015028e-01
  7.1953893e-01
  8.7189144e-01
  2.7980828e-01
  1.7519537e-01
 -7.9276301e-02
 -6.4318540e-04
 -5.7587987e-03
  6.8689114e-01
 -1.1646119e+00
 -1.7801713e+00
  2.7391356e-01
 -1.4747386e-05
  9.9958619e-05
  1.1136883e-01
  1.3528396e-01
  1.4433667e-01
  7.3865283e-01
  1.1317375e+00
  4.4502411e-02
  3.2655753e-02
  4.9508938e-01
 -3.0018517e-01
 -8.0859524e-01
  1.4290330e-02
 -1.5028721e-01
  4.5623380e-04
 -1.2983066e-02
  3.2152105e-04
  1.9023189e-01
 -4.6098992e-01
  1.6172246e-05
 -8.2836501e-02
  2.9004760e-02
 -1.5942596e+00
 -3.9024055e-01
  4.7691205e-01
 -8.6655504e-01
  3.3555216e-06
 -8.9348527e-05
 -3.8474420e-05
 -5.3488926e-05
  1.2406727e-01
 -2.6930645e-01
 -1.6944282e-04
  2.5087991e-01
 -9.9693406e-01
 -2.5379429e-02
  9.9485964e-01
 -4.4431427e-01
 -3.1725511e-01
  2.7736712e-01
  5.5425377e-03
 -4.0435970e-02
 -2.7608609e-01
  4.8153976e-01
 -3.9092261e-01
 -1.0350383e-01
  1.1655363e+00
  2.4740477e-01
 -6.7182636e-01
 -1.1574641e-01
 -4.1742899e-02
 -1.6646429e+00
 -2.1320729e-01
  6.4609869e-04
 -1.0560592e+00
  1.0211853e+00
 -1.7116997e-04
 -8.8531244e-01
  3.8893923e-01
 -2.6633325e-01
 -1.8555105e-01
 -1.2019579e-04
  8.7127173e-01
 -3.9155889e-01
 -7.4703373e-02
  6.2077820e-01
 -5.0491852e-01
 -2.3574337e-01
 -1.9199304e-01
 -8.5135776e-01
 -1.3649522e+00
  2.9688787e-02
 -1.2193815e+00
  1.3739086e-02
 -1.6858214e-01
 -1.5373985e-01
 -4.5531988e-01
 -1.2123365e+00
  2.1410583e-01
 -5.0666350e-01
  9.0853415e-02
  3.4543894e-02
 -1.2273768e+00
  2.5021005e-04
 -1.3552092e-01
 -5.9971962e-02
 -3.5811059e-02
  1.1806486e+00
  1.2687820e-01
 -4.9941045e-01
  5.3410786e-01
 -2.7589262e-01
 -3.6678884e-02
  3.6708564e-01
 -6.6202050e-01
  2.2060312e-01
  3.0274374e+00
 -1.1991327e-01
  8.2544178e-02
 -7.8526598e-01
  3.7202138e-02
 -7.8501022e-01
 -1.4432749e+00
 -6.5236881e-02
  5.6127554e-01
  1.9770540e+00
  4.5273002e-02
 -1.1585230e+00
  1.4416221e+00
  1.2542531e+00
  7.1897082e-02
 -2.3361174e-02
  2.4046978e-05
 -6.9027640e-02
  7.4046940e-02
  1.1266987e+00
 -3.7248409e-01
  1.2594904e+00
 -2.0848377e+00
  3.6833282e+00
 -1.7152203e+00
 -1.6449419e-01
 -1.7745566e-02
  3.3112656e-02
 -4.8441675e-01
 -1.8891995e+00
  1.6666031e-01
  1.7626247e+00
  1.7786614e+00
  1.1820496e+00
  2.8076774e-01
 -5.9421500e-06
 -6.2052906e-01
 -3.4513167e-01
  8.3563492e-02
  9.1965087e-02
  8.9886481e-01
 -7.3029287e-02
 -9.5672585e-02
  1.1690672e-01
  1.4811042e-01
  1.1947912e-01
 -1.2234340e+00
 -4.7972107e-01
 -9.1669120e-02
 -1.7783940e-01
  1.5903337e-01
  1.9905202e-01
  1.4578485e-01
  2.6286928e-02
  9.2641455e-01
  8.2456917e-02
  1.1947835e-03
  2.4231334e-01
 -1.8283050e-01
  1.7388846e-01
 -6.9857329e-01
 -6.0038519e-01
  2.4486874e-01
  2.0679690e-01
 -9.6066612e-01
  9.5318037e-01
  2.2965926e-01
 -8.9694485e-02
 -2.6520735e-01
 -1.5830266e-01
 -1.3762827e+00
  9.0662524e-02
 -2.4609365e-01
  1.4317329e-01
  9.9921244e-01
  5.6935139e-02
 -8.7253489e-02
  2.8160152e-01
  2.6756344e-02
  1.1344750e-01
  6.9536440e-02
  3.7209578e-02
  6.3635528e-02
  4.9013872e-02
  5.7462890e-02
  5.4076433e-02
  4.4223990e-02
  5.3489659e-02
  5.6637511e-02
  4.3313872e-02
  5.5323262e-02
  4.8171982e-02
  4.5484893e-02
  5.1449355e-02
  8.6441159e-01
  1.9397261e+01
  6.3932433e+00
  1.1612928e+00
  7.1673684e+00
  3.8559041e+00
  1.7089492e+00
  2.5746307e+00
  3.6271510e+00
  2.5143976e+00
  1.4225636e+00
  1.0908326e+00
  1.8577137e+01
  6.3082371e+00
  1.4193082e+00
  5.3174767e+00
  2.6809335e+00
  2.0168538e+00
  2.1682694e+00
  2.5927067e+00
  2.0426488e+00
  1.5764104e+00
  6.5952832e-01
  5.6392522e+00
  6.3910799e+00
  7.5297320e-01
  1.9177157e+00
  2.2942901e+00
  9.9518567e-01
  1.0379926e+00
  3.3665390e+00
  1.0874563e+00
  6.9185489e-01
  4.3509451e-01
  2.8397346e+00
  5.4431338e+00
  3.5162717e-01
  6.0536951e-01
  1.3424395e+00
  2.9816848e-01
  4.2944074e-01
  1.3211261e+00
  3.4192243e-01
  2.8428701e-01
